Name	Chr	Position	sample1.Log.R.Ratio	sample1.B.Allele.Freq
SNP_A-2082388	1	1145994	-0.0835749964995568	1
SNP_A-2011646	1	2224111	0.203895844711393	1
SNP_A-4264532	1	2319424	0.365524325405977	0.9951
SNP_A-2070446	1	2543484	-0.0759479433737424	0.5228
SNP_A-2026315	1	2926730	-0.254227950558757	0
SNP_A-2007955	1	2941694	0.450623406609066	0.5261
SNP_A-2003273	1	3084986	0.476575325774825	0.3747
SNP_A-4269830	1	3155127	0.0779713876440298	0.0148
SNP_A-4277595	1	3292731	0.177345958709555	0
SNP_A-4208786	1	3695086	-0.406905593240136	0
SNP_A-2011456	1	3710825	0.0171816062002276	0.0097
SNP_A-2009070	1	3753024	0.0362990130997849	1
SNP_A-1996032	1	3753427	0.301299013099785	0
SNP_A-2026061	1	3756100	0.453555458050242	0
SNP_A-1990582	1	3756146	0.0569554580502422	0
SNP_A-2007230	1	4240737	-0.104086667438495	0
SNP_A-2005465	1	4243294	0.0440811592895979	0
SNP_A-1786207	1	4243405	0.123981159289598	0.0201
SNP_A-1909176	1	4243441	0.0665811592895979	0.0126
SNP_A-2001598	1	4276892	0.168740234620075	0
SNP_A-2021277	1	4371593	-0.0834649748246368	0.0465
SNP_A-2003606	1	4459761	-0.0148127217087756	0.0124
SNP_A-1982076	1	4461025	0.0201872782912244	1
SNP_A-4214079	1	4461905	0.138687278291224	0
SNP_A-4219263	1	4464544	-0.285856642812463	0
SNP_A-1988590	1	4482059	0.00927007650948393	0.5455
SNP_A-2076913	1	4520856	0.156601565027174	0.9953
SNP_A-1997583	1	4531126	-0.442697311372233	1
SNP_A-2072122	1	4552144	-0.282065617615741	0.7135
SNP_A-2005326	1	4714611	0.0157101816319621	1
SNP_A-1973904	1	4744683	-0.268057380211638	0.9786
SNP_A-1990046	1	4863865	-0.26453262449837	0.4701
SNP_A-2093533	1	5106499	0.0204353133965278	1
SNP_A-2081256	1	5095231	-0.202870573674702	0.4914
SNP_A-4217688	1	5095111	-0.102570573674702	0.9918
SNP_A-1976364	1	5093533	0.228529426325298	0.5924
SNP_A-2046332	1	5092976	0.0249671705058924	0.014
SNP_A-2027488	1	5092886	-0.119032829494108	0.5329
SNP_A-4211866	1	5083672	0.0913385609274735	0
SNP_A-4215274	1	5034491	-0.0667362680751527	0.9522
SNP_A-1974062	1	4990575	0.168732394491846	0.4369
SNP_A-2020879	1	4988854	0.107232394491846	0.5155
SNP_A-4269736	1	5241324	0.221289348705786	0.4993
SNP_A-1980974	1	5241092	0.135389348705786	0
SNP_A-2095560	1	5158416	0.116328690967903	0
SNP_A-1966968	1	5153524	-0.143117249091906	0.4738
SNP_A-1968149	1	5153405	-0.0363172490919059	0.0157
SNP_A-4182967	1	5153392	0.207182750908094	0.5367
SNP_A-2050657	1	5517324	-0.1489028663582	0.0279
SNP_A-2095159	1	5534316	-0.0876804108999432	1
SNP_A-1888291	1	5608719	0.0264858257017682	0.0078
SNP_A-1999832	1	5629147	-0.0439795010199853	0
SNP_A-4262002	1	5629184	-0.0578795010199853	0
SNP_A-1975779	1	5629749	-0.0639795010199853	0.537
SNP_A-4208238	1	5629811	0.116320498980015	1
SNP_A-2029386	1	5633030	0.11483286879767	0
SNP_A-2008126	1	5659269	0.154065029902365	0
SNP_A-2016374	1	5661087	0.0498650299023654	0.5556
SNP_A-2012405	1	5929159	0.0757175699270111	1
SNP_A-2011423	1	6266412	0.423945680642191	1
SNP_A-2027152	1	6266740	0.144645680642191	1
SNP_A-4215277	1	6277652	-0.0229226151756766	1
SNP_A-2020866	1	6664868	0.196168980609986	0
SNP_A-1962425	1	6867391	0.17482572750182	1
SNP_A-4217872	1	6913078	0.308045176484746	0.9862
SNP_A-2011072	1	7068004	0.000600208335767821	0.9847
SNP_A-2021029	1	7347651	0.0052148289940203	0
SNP_A-2014605	1	7356449	-0.106503075485069	0.5543
SNP_A-2008888	1	7383020	-0.0790239020106799	0.633
SNP_A-4270748	1	7560566	-0.163643538806036	0
SNP_A-2037081	1	7611976	0.424200166633209	0
SNP_A-1985631	1	7740905	-0.00681839183993754	1
SNP_A-2009120	1	7854175	-0.4190788573064	0.9969
SNP_A-2005454	1	7879160	0.0313535599987204	1
SNP_A-2085511	1	7922189	-0.0267220757127387	1
SNP_A-2005875	1	8022727	0.154899557917534	0
SNP_A-2061310	1	8390959	0.0204933452003597	1
SNP_A-2078065	1	8418106	0.197443785242429	0
SNP_A-4276676	1	8418177	0.126943785242429	1
SNP_A-2023350	1	8418532	0.0976437852424295	0
SNP_A-4262336	1	8566594	0.276876039011306	0.9578
SNP_A-2026120	1	8732928	0.436519688746529	1
SNP_A-4269873	1	8925765	0.0959202000556227	0
SNP_A-4214973	1	9050045	0.153945534834152	1
SNP_A-2092729	1	9099904	0.367764663745323	1
SNP_A-4270093	1	9208308	0.126207210731233	1
SNP_A-2025516	1	9872727	-0.123857543747882	0.9664
SNP_A-4274823	1	10268359	0.12019397119149	0.5378
SNP_A-2085692	1	10269397	-0.33320602880851	0.461
SNP_A-4269851	1	10275699	-0.232442815257408	0.4911
SNP_A-4272631	1	10310291	0.292987316568875	0.4783
SNP_A-1994681	1	10310375	-0.123512683431125	0.522
SNP_A-2006899	1	10515883	-0.0360590952524509	0.012
SNP_A-1964177	1	10724172	0.00706041285940537	0
SNP_A-2053147	1	10755448	0.0753549305406742	1
SNP_A-4222349	1	10810510	-0.123170790439273	0.9903
SNP_A-1964188	1	11170824	0.0654621798774997	0.023
SNP_A-2009973	1	11211748	-0.011989550726314	0.4983
SNP_A-2068700	1	11311320	-0.11366041724203	1
SNP_A-4273766	1	11410790	0.184619204987614	0
SNP_A-1979267	1	11600782	0.112770173765149	0.0367
SNP_A-2013239	1	11799004	-0.137966024819354	0.5664
SNP_A-2216126	1	11976617	0.337125682223438	0
SNP_A-2054595	1	12109717	0.0792993038245249	1
SNP_A-2020468	1	12128112	-0.184585665039618	0.0346
SNP_A-1976617	1	12146038	-0.197569715541971	0
SNP_A-2041385	1	12146426	0.0404302844580292	0
SNP_A-2088122	1	12262206	-0.120665262842159	0
SNP_A-2006054	1	12381384	0.56856958605167	0.5676
SNP_A-4268291	1	12759029	0.53244463458087	1
SNP_A-2006494	1	12760427	-0.17885536541913	0.5508
SNP_A-2011241	1	13819084	-0.0525563960021901	0.5193
SNP_A-2002017	1	13820812	-0.0236563960021901	0
SNP_A-1982428	1	13821674	-0.0880563960021901	0
SNP_A-2000342	1	13822361	0.244412267987926	0
SNP_A-2011236	1	13822418	0.228812267987926	0
SNP_A-1962444	1	13928296	0.153522866751732	0.5262
SNP_A-4217902	1	13969044	-0.413028347773749	1
SNP_A-2006063	1	13969222	0.0416716522262506	0.5304
SNP_A-2006386	1	13969408	0.263971652226251	0.5254
SNP_A-1984968	1	13990995	0.318577288732986	0.6013
SNP_A-2002078	1	13991672	0.205577288732986	0.5704
SNP_A-2073138	1	13991737	0.256177288732986	0.5484
SNP_A-1964422	1	14006006	-0.0113233974004854	1
SNP_A-1999604	1	14034610	0.0298339616319314	0.5096
SNP_A-2001589	1	14082273	-0.395705298108234	0.9846
SNP_A-4209978	1	14186067	-0.146086798764018	0.4844
SNP_A-2002903	1	14218131	0.237853828093194	0.5636
SNP_A-2007744	1	14237550	-0.0644476677073525	1
SNP_A-1976008	1	14237915	0.0570523322926475	0
SNP_A-2020907	1	14260887	0.0438778793107111	1
SNP_A-4276107	1	14367357	0.0883165720377604	1
SNP_A-4208447	1	14367590	0.11901657203776	0
SNP_A-1988848	1	14367657	-0.21248342796224	0
SNP_A-2071552	1	14367811	0.21611657203776	1
SNP_A-2017872	1	14368482	0.0739165720377604	0
SNP_A-4209947	1	14370144	0.0475165720377604	0
SNP_A-2005985	1	14450061	-0.0271690890980915	0.9971
SNP_A-2012607	1	14459129	0.202545180211487	0
SNP_A-4273586	1	14592530	-0.329300869835525	0.8525
SNP_A-4262229	1	14592596	-0.111100869835525	0.9897
SNP_A-4277573	1	14598710	-0.508677726554159	0.4752
SNP_A-1994677	1	14616559	-0.100489366036958	0.4679
SNP_A-4214089	1	14654967	-0.11390566688328	0.522
SNP_A-2281991	1	14655176	-0.32410566688328	0.5484
SNP_A-4270805	1	14658896	0.1514006468163	0.5764
SNP_A-1992961	1	14677461	0.0909518591102885	1
SNP_A-2065682	1	14677802	-0.143248140889712	1
SNP_A-4274951	1	14678580	-0.0615994992935718	0.5095
SNP_A-4264159	1	14722359	0.134110529555728	0
SNP_A-2021709	1	14780660	-0.161149935910734	0.4157
SNP_A-4214652	1	14783592	0.213850064089266	0
SNP_A-4270797	1	15012949	-0.0836476644333614	0.9797
SNP_A-1990698	1	15014563	-0.121047664433361	0.0311
SNP_A-4214736	1	15014574	0.0358523355666386	1
SNP_A-1975121	1	15014887	0.0666523355666386	0
SNP_A-4214461	1	15017570	-0.257333297717202	0.0111
SNP_A-1962434	1	15106616	0.245107429971498	0.0136
SNP_A-2006729	1	15278076	0.121981201107366	0.4967
SNP_A-1990691	1	15307844	-0.199255174863928	0.5388
SNP_A-2001522	1	15512168	-0.112243239736477	1
SNP_A-2028283	1	15598703	0.225983009978935	1
SNP_A-1981699	1	15599378	-0.0321169900210647	0.4062
SNP_A-2001835	1	15704047	0.266606553312267	1
SNP_A-2065127	1	15714329	0.151540984727759	0.0011
SNP_A-2020880	1	15743090	0.445631300226401	0
SNP_A-2007652	1	15857893	-0.0585303479695845	0
SNP_A-4211741	1	15858527	0.0425696520304155	0
SNP_A-4268775	1	15865925	-0.277565902985669	0
SNP_A-4270783	1	16077689	0.190619222413985	1
SNP_A-2014305	1	16151973	0.14948442922418	0
SNP_A-2085514	1	16458405	0.318378692963356	0.0071
SNP_A-2004879	1	16492747	-0.132071118849678	1
SNP_A-2022733	1	16495133	-0.111771118849678	1
SNP_A-4262226	1	16588961	-0.127087326971187	0.9916
SNP_A-2028928	1	16589707	-0.0158873269711867	0.528
SNP_A-4217411	1	16658151	-0.167700051055882	0.5001
SNP_A-2038980	1	16658755	-0.154800051055882	0
SNP_A-2069201	1	17274722	0.220479452653245	0.5493
SNP_A-4270067	1	17285088	0.0057010283451059	0.516
SNP_A-2006373	1	17296137	0.0856154842727684	0
SNP_A-2026131	1	17313441	0.060328214845825	0.9759
SNP_A-4279276	1	17353784	0.135239543365503	1
SNP_A-1978185	1	17401898	-0.106137800243976	1
SNP_A-2009808	1	17458721	-0.0574876392421989	0.4917
SNP_A-2012637	1	17483875	0.296734151551256	0.9065
SNP_A-4271047	1	17618620	-0.0114371835548141	0.0303
SNP_A-2237146	1	17857696	0.122620095497393	1
SNP_A-2069568	1	17877966	0.195342261288039	1
SNP_A-1964844	1	17995919	0.250438507860668	1
SNP_A-4264431	1	17998116	0.185938507860668	1
SNP_A-2048480	1	18016261	0.227740101067795	0
SNP_A-4221667	1	18084817	0.340213987036615	0
SNP_A-4268988	1	18143470	0.119137519944307	0
SNP_A-2030833	1	18143950	0.0969135070044407	0
SNP_A-1981666	1	18161820	0.372432232438739	0
SNP_A-2010526	1	18161839	0.340432232438739	1
SNP_A-4274820	1	18162068	0.140232232438739	0.9829
SNP_A-2072131	1	18162928	0.0137322324387387	0.0072
SNP_A-4216825	1	18202756	-0.156952639018823	0.0474
SNP_A-4218523	1	18209490	0.0364188814909511	0.4288
SNP_A-2282422	1	18209855	0.0888188814909511	0.5744
SNP_A-4209972	1	18210025	-0.0578811185090489	0
SNP_A-4221202	1	18265339	0.24331251908808	0
SNP_A-4215003	1	18268300	0.128022986266997	0
SNP_A-4219066	1	18348014	0.357729073876495	0.9703
SNP_A-2011064	1	18468013	0.0391134061729517	0.4754
SNP_A-1993774	1	18468446	-0.114386593827048	0.4101
SNP_A-4288043	1	18542037	0.220909311822546	0.5466
SNP_A-4271046	1	18550757	-0.243630553208387	0
SNP_A-2004110	1	18579960	0.262084283114308	1
SNP_A-1983308	1	18595300	0.180571509605276	0
SNP_A-4265165	1	18595324	0.101271509605276	1
SNP_A-4265045	1	18824492	0.132262332988104	1
SNP_A-2011694	1	19138735	-0.257165405527123	0.0291
SNP_A-2042660	1	19237933	-0.0614044983061371	0.4471
SNP_A-1988454	1	19238139	0.138995501693863	0.5573
SNP_A-4246018	1	19280358	0.184322377551322	0
SNP_A-2010874	1	19371707	0.0387767067049949	0.6098
SNP_A-4273276	1	19372915	-0.0884134418324957	0.3978
SNP_A-1980754	1	19641958	0.227015110788124	0.5406
SNP_A-2023781	1	19645434	0.0548590805951026	0.5012
SNP_A-4211081	1	19664543	0.51673721744984	0
SNP_A-4265208	1	19778233	0.044504191429045	0
SNP_A-2027165	1	20012623	0.137059226704975	0.5481
SNP_A-4270259	1	20013168	0.143779340107598	1
SNP_A-1967420	1	20055929	-0.198522771409355	0.5141
SNP_A-1977240	1	20066438	0.132685692084829	0.9917
SNP_A-2003852	1	20066902	0.0519856920848288	0.0048
SNP_A-2091772	1	20166123	-0.0796060496597895	1
SNP_A-4215032	1	20240265	-0.1561187153366	0.5244
SNP_A-2009943	1	20269827	-0.0386003412509767	0.5517
SNP_A-1967418	1	20398657	0.0147599606792421	1
SNP_A-1991852	1	20409172	0.212501575452814	0.542
SNP_A-1995893	1	20440526	0.253422558513937	0
SNP_A-2012420	1	20448489	0.0382756075315058	0.4467
SNP_A-2013864	1	20456321	0.380610341592381	1
SNP_A-2009660	1	20464927	0.0773377844629563	0.5406
SNP_A-1909471	1	20465462	-0.360262215537044	0.4966
SNP_A-2017873	1	20465542	0.0344377844629563	0.5547
SNP_A-2001483	1	20485650	-0.0271833064303875	0.4942
SNP_A-1993768	1	20557292	0.128875986732191	1
SNP_A-2033525	1	20619155	-0.169422079137647	0.5746
SNP_A-2002829	1	20641771	0.0351003301694528	0.5535
SNP_A-2051076	1	20738290	0.44725130594772	1
SNP_A-4263484	1	20738466	-0.0852486940522804	0.0085
SNP_A-4212732	1	20738915	-0.0664486940522803	0
SNP_A-2010058	1	20739322	-0.14364869405228	0.0095
SNP_A-1997445	1	20766552	0.115452586083824	0.3991
SNP_A-1983522	1	20858665	0.112948752676243	0.0022
SNP_A-1997896	1	20932943	0.207252700916777	1
SNP_A-4220974	1	20973503	0.163747072488174	1
SNP_A-1965742	1	21027782	-0.153766462847137	1
SNP_A-2049337	1	21029254	0.100933537152863	0
SNP_A-2017796	1	21029449	0.227933537152863	0.9802
SNP_A-4215278	1	21093078	-0.229113267719696	0.0319
SNP_A-2089276	1	21093261	0.178886732280304	1
SNP_A-2068187	1	21107510	-0.274036000523458	1
SNP_A-2011262	1	21443718	-0.15275961341136	0.0447
SNP_A-2013529	1	21699153	0.101891090847526	0.1819
SNP_A-1987308	1	21729835	-0.22357964698469	1
SNP_A-1982223	1	21735954	-0.0565326472989681	0.0461
SNP_A-2011284	1	21752655	0.164615173341963	1
SNP_A-4218393	1	21940846	0.331534646601076	0.5549
SNP_A-2006807	1	21950259	0.334457174166035	1
SNP_A-4269765	1	22298449	-0.246246746222487	0.9915
SNP_A-1983139	1	22348403	-0.18895692118166	1
SNP_A-4269754	1	22365474	-0.165134706687723	0.0286
SNP_A-4269078	1	22400994	-0.0668749334929695	0
SNP_A-2011648	1	22445846	-0.203714005420704	0.9453
SNP_A-4278427	1	22545433	-0.0950428641116157	1
SNP_A-2018492	1	22686876	-0.109268511961168	0.5741
SNP_A-2028804	1	22709086	-0.155357331659264	0.4789
SNP_A-2022990	1	22786747	-0.0131935336686748	1
SNP_A-2020970	1	22832941	-0.0744676248762972	0.5001
SNP_A-2042637	1	22918530	0.254057080335278	1
SNP_A-4216235	1	23258753	0.272401137123198	0
SNP_A-2006535	1	23383171	-0.0142548269401616	1
SNP_A-2011279	1	23385634	-0.170654826940162	0.3821
SNP_A-1982894	1	23393927	0.0881885758537003	1
SNP_A-2054965	1	23505968	-0.153403284148779	1
SNP_A-2004734	1	23717875	0.0692534661679634	0.9578
SNP_A-2087719	1	24279234	-0.132284040404655	1
SNP_A-2008718	1	24348957	0.285103419177127	0
SNP_A-4277695	1	24586110	-0.119492809969131	0.9584
SNP_A-2002170	1	24586983	0.242607190030869	1
SNP_A-2040125	1	24621361	0.0778183911840532	3e-04
SNP_A-1967181	1	24621666	-0.0246816088159467	0.0153
SNP_A-4262334	1	24622293	0.0843183911840533	1
SNP_A-2007874	1	24735872	-0.0101915159824786	0.0109
SNP_A-2038103	1	25066886	0.0376089119214973	1
SNP_A-4285774	1	25153630	0.207005422861859	1
SNP_A-4215492	1	25166932	0.270519222564902	0.4765
SNP_A-2029714	1	25210174	0.260144877415187	0.9064
SNP_A-1976422	1	25211386	-0.0982551225848134	1
SNP_A-2029830	1	25211807	0.0696448774151866	1
SNP_A-2011008	1	25276370	0.450832389125167	1
SNP_A-2020928	1	25280441	0.383632389125167	1
SNP_A-4215087	1	25281020	-0.224667610874833	1
SNP_A-1987200	1	25281052	0.182932389125167	0
SNP_A-4270746	1	25281106	-0.0400676108748332	0.9947
SNP_A-1968843	1	25281515	-0.171574383755308	0.9315
SNP_A-2022377	1	25924110	-0.0232973879275351	0.9715
SNP_A-4220223	1	26044060	0.0398546661729415	0
SNP_A-2017011	1	26044137	0.0540882766332245	0.444
SNP_A-4269086	1	26107570	-0.0316624069252985	0.4727
SNP_A-2010527	1	26148135	0.140064782003183	1
SNP_A-2007838	1	26194668	-0.289184297922572	0.011
SNP_A-4277946	1	26257277	0.26145199106778	0.4987
SNP_A-2095254	1	26257737	-0.06904800893222	0.429
SNP_A-4175804	1	26257893	0.56165199106778	0
SNP_A-1997922	1	26302261	0.0814309871553776	0.0029
SNP_A-2046345	1	26348108	0.171969464217985	1
SNP_A-2001454	1	26663886	0.0955618599566608	0
SNP_A-4221272	1	26737631	0.0516069742155112	0.9984
SNP_A-2022687	1	26738072	0.188706974215511	1
SNP_A-4270780	1	26738275	0.222006974215511	1
SNP_A-2006127	1	27079199	-0.288963627932472	0.9767
SNP_A-1988572	1	27233806	0.0980315054652032	0
SNP_A-2085506	1	27844089	0.140621257526553	1
SNP_A-1975403	1	27845423	0.332821257526553	1
SNP_A-2036012	1	28188048	0.00206937738795986	0.0408
SNP_A-4215490	1	28436237	-0.433353758892675	0.9222
SNP_A-2015679	1	29493343	0.137787134008209	0
SNP_A-4214427	1	29528243	0.258786763452055	0.5845
SNP_A-2012194	1	29551361	0.0558676892966404	0.4025
SNP_A-1964439	1	29665792	0.151829973344642	1
SNP_A-2077896	1	30134304	0.214252234182523	1
SNP_A-4172918	1	30261148	0.0885125665619668	0.545
SNP_A-2009258	1	30309298	-0.222893238716674	0.4629
SNP_A-2010323	1	30369147	0.00799264235209483	0.0687
SNP_A-2020885	1	30391993	-0.0679574254900212	1
SNP_A-2004023	1	30392051	-0.183257425490021	0.5417
SNP_A-2006630	1	30392453	-0.210757425490021	0.3453
SNP_A-2011266	1	30471927	-0.147115389813205	0
SNP_A-4270027	1	30485513	-0.143012975650869	0
SNP_A-2004355	1	30486063	0.280787024349131	0.9734
SNP_A-1966143	1	30635207	-0.07529226395821	2e-04
SNP_A-4268146	1	30665908	0.139447914143746	1
SNP_A-2005128	1	30666128	-0.00643587199087443	0.5428
SNP_A-2075115	1	30749020	0.131658809226638	0.0267
SNP_A-1983371	1	30788314	-0.158344533723129	0.5247
SNP_A-1965554	1	30816212	-0.176837047719665	0
SNP_A-4267992	1	30858313	0.214728461735912	0.4556
SNP_A-1997689	1	30861554	0.149550676229849	0.4654
SNP_A-1977607	1	30885224	0.19764354157506	0.6115
SNP_A-4222550	1	30885819	-0.0137564584249402	0
SNP_A-2228303	1	31084047	0.228680063656226	1
SNP_A-1974690	1	31445850	-0.121359370045823	0.0246
SNP_A-1973718	1	31508710	0.122170605244949	0
SNP_A-2013805	1	31606293	-0.06126184333709	0.9529
SNP_A-2046946	1	31628061	0.040884891980899	1
SNP_A-4269340	1	31887380	0.0867162935176475	0.5385
SNP_A-2080194	1	31890366	0.377389201995747	0
SNP_A-4269057	1	31941466	-0.14956364178302	0
SNP_A-2006618	1	32327172	0.0677288443615055	0.0012
SNP_A-2002836	1	32919730	0.0882122478705323	0
SNP_A-1965048	1	33096723	0.0933538904961153	0.485
SNP_A-4215086	1	33418558	-0.238117348219554	2e-04
SNP_A-1973846	1	33665877	0.0978665423223789	0.5348
SNP_A-1986327	1	33753605	-0.17324510758606	1
SNP_A-2000337	1	33829801	0.36294682897172	1
SNP_A-1981793	1	33853349	-0.280220186710043	0.9739
SNP_A-4268748	1	33979566	-0.0194561035004419	0.5289
SNP_A-4269806	1	33994397	0.131442459827942	0.4675
SNP_A-1999704	1	34001717	0.0021231673805281	1
SNP_A-4278024	1	34023033	-0.212146262463572	0.9919
SNP_A-4214625	1	34056481	0.0688442269969531	0.5471
SNP_A-2011962	1	34056705	-0.00845577300304695	0.5233
SNP_A-2002107	1	34064263	-0.125397182537816	0.5101
SNP_A-4278035	1	34064368	-0.169597182537816	0.4902
SNP_A-2033669	1	34064423	-0.109497182537816	0.5206
SNP_A-1978191	1	34064558	-0.195397182537816	0.5827
SNP_A-4267909	1	34077816	0.131557967571066	0.581
SNP_A-2014765	1	34078764	0.303857967571066	0.5574
SNP_A-1993867	1	34084766	-0.0981531153242569	0.5795
SNP_A-4210974	1	34110291	-0.0839708736934738	1
SNP_A-2009974	1	34119149	0.0594678573112263	0.0073
SNP_A-4277480	1	34119693	-0.0210321426887737	0
SNP_A-2020917	1	34170728	0.00606878609865649	0.509
SNP_A-1999600	1	34172791	-0.0196312139013435	0
SNP_A-4268621	1	34179429	-0.196070101441555	0
SNP_A-2050345	1	34204360	-0.023029874636309	0.9859
SNP_A-4215132	1	34204556	0.263970125363691	0
SNP_A-4268960	1	34211296	0.17598536173835	1
SNP_A-2066495	1	34287073	-0.220189873921144	0
SNP_A-2017468	1	34306289	0.231270309751214	1
SNP_A-4214925	1	34357252	0.155773085687865	1
SNP_A-2011708	1	34377866	0.447913771674006	0.9964
SNP_A-4216801	1	34436399	0.142138243794768	0
SNP_A-2072146	1	34519557	-0.215053417969641	0.9958
SNP_A-2067545	1	34526931	0.0705338572246182	0.0065
SNP_A-1813299	1	34542691	0.291381413497816	1
SNP_A-2095391	1	34542760	0.0679814134978164	0
SNP_A-1999882	1	34556137	-0.13830027154549	1
SNP_A-4210544	1	34595551	0.0706317074300141	1
SNP_A-2048027	1	34606396	-0.163121449419776	0.4824
SNP_A-4214173	1	34606411	-0.0184214494197759	0.9986
SNP_A-4265301	1	34617423	0.108817340713855	1
SNP_A-4218529	1	34635976	0.0232982048019521	0.4349
SNP_A-4301459	1	34660739	0.0874539323495904	0.9238
SNP_A-2084401	1	34688708	-0.0156319165986921	1
SNP_A-2209125	1	34732472	0.120462169753693	0.4769
SNP_A-4214293	1	34899525	-0.276054113666257	0.5709
SNP_A-4214867	1	34922761	0.24234464447529	0.0083
SNP_A-2085510	1	35141347	0.0157831876675591	0.5663
SNP_A-2005344	1	35224126	0.115309447808611	0.0051
SNP_A-2027731	1	35460481	-0.061753177878095	1
SNP_A-1976162	1	35615616	-0.265965377373279	0.0549
SNP_A-2050839	1	35723625	0.0283089364995175	1
SNP_A-1999703	1	35747056	0.247413187385435	1
SNP_A-2001162	1	35880097	0.00233673414367425	1
SNP_A-2067619	1	35887726	-0.0376325287392746	0
SNP_A-2079713	1	35891951	0.110857414559414	1
SNP_A-4273968	1	36216156	-0.0538899679028176	1
SNP_A-2080277	1	36354565	-0.0843433474177816	0
SNP_A-2073178	1	36628281	0.162641840535711	1
SNP_A-2284986	1	36628544	0.0688418405357113	0
SNP_A-2010071	1	36650611	0.222720857474588	1
SNP_A-2006248	1	36681972	-0.0279181761754956	0
SNP_A-4183735	1	36687129	-0.0930445441487683	0.0301
SNP_A-2022882	1	36687601	0.263355455851232	0
SNP_A-4213882	1	36899099	-0.0300287860393759	1
SNP_A-1980865	1	36947360	-0.272737799120305	1
SNP_A-2010925	1	37060524	-0.0927874460591764	0.6026
SNP_A-4214620	1	37165406	-0.0988974749084767	0.0066
SNP_A-4296324	1	37165453	-0.0680974749084767	0.0224
SNP_A-4214101	1	37285582	-0.00946079629179934	1
SNP_A-2001700	1	37286493	0.358264858558485	0
SNP_A-4216947	1	37301433	-0.0699218009193665	0.0239
SNP_A-1993778	1	37312763	0.528381326365958	0
SNP_A-2005508	1	37316810	0.331481326365958	0.9476
SNP_A-4273233	1	37399568	-0.316828730335353	0.0657
SNP_A-2004249	1	37401328	-0.0906287303353533	0.5215
SNP_A-2077136	1	37408704	0.228719754725275	0.6418
SNP_A-4222404	1	37415604	-0.0229272936637373	0
SNP_A-4144407	1	37415905	0.352872706336263	0
SNP_A-2271044	1	37496749	-0.185079521726097	0.459
SNP_A-1980834	1	37496951	0.0945204782739028	0.5752
SNP_A-2020931	1	37555461	0.119146230530769	0.9964
SNP_A-2004670	1	37555489	-0.250853769469231	0
SNP_A-1999878	1	37725563	-0.0905703172569138	0.4902
SNP_A-1966211	1	37921352	-0.026142550889676	0.5158
SNP_A-1987569	1	37961729	-0.0477534668238477	0
SNP_A-2050642	1	38399170	0.200862468823252	0
SNP_A-2055479	1	38403449	-0.186581247041633	1
SNP_A-1964807	1	38419953	-0.107198702765466	0.0363
SNP_A-2010849	1	38429303	0.0797680972518553	1
SNP_A-4268976	1	38490652	0.145894816573803	1
SNP_A-4268024	1	38588708	0.0126234317482608	1
SNP_A-1978962	1	38588828	0.201023431748261	0.565
SNP_A-4273112	1	38601811	0.201681309090503	0.5462
SNP_A-1973774	1	38623584	0.180208087541381	0
SNP_A-4265789	1	38624260	0.217108087541381	1
SNP_A-2078293	1	38692010	-0.114436654517516	0.4905
SNP_A-4277591	1	38831590	0.118594207858128	0.5274
SNP_A-1991336	1	38969651	0.108067436407982	1
SNP_A-2006365	1	39001900	-0.13094176106047	0.503
SNP_A-4214568	1	39063731	-0.0568429055123414	0.5219
SNP_A-1991843	1	39063836	0.108357094487659	0.0115
SNP_A-2023086	1	39396439	0.00784088404718629	0
SNP_A-1968709	1	39397348	0.0139408840471863	0.0208
SNP_A-4214219	1	39412240	0.136864027328553	1
SNP_A-2000268	1	39412331	0.0217640273285531	1
SNP_A-2041972	1	39456511	0.137072188177354	1
SNP_A-1983373	1	39501551	-0.0129305182047271	0.003
SNP_A-4272941	1	39516516	0.0964280826861432	1
SNP_A-2002914	1	39594268	-0.147372894804578	0
SNP_A-2013519	1	39594292	0.0614271051954225	0
SNP_A-2037989	1	39800767	-0.0926575888753484	1
SNP_A-2063445	1	39868640	0.215620175779436	1
SNP_A-2014421	1	39912140	0.0358900543787914	0.0046
SNP_A-2067165	1	39918437	0.00195849630653125	0
SNP_A-1974257	1	39926335	-0.214881114782308	0
SNP_A-4268071	1	39967490	0.17356828864011	1
SNP_A-1996494	1	40062399	0.15967102629911	0
SNP_A-2020921	1	40075050	0.134457226596067	1
SNP_A-4269520	1	40080604	0.262931728281294	0.0024
SNP_A-4264655	1	40081505	-0.0235682717187065	1
SNP_A-4274200	1	40297277	0.000711632305041898	0.5787
SNP_A-2007193	1	40311663	0.352266890246145	0.5335
SNP_A-2011297	1	40311815	0.133366890246145	0.5486
SNP_A-1968654	1	40399505	-0.257465029600429	1
SNP_A-2038015	1	40520506	-0.261418920424486	1
SNP_A-4219855	1	40576420	-0.11939131059276	0.075
SNP_A-2006890	1	40576442	0.27940868940724	1
SNP_A-2002892	1	40611223	-0.0363147460938707	0.5723
SNP_A-1983501	1	40694649	0.20553932911771	0
SNP_A-1963088	1	40694964	-0.0906606708822902	0
SNP_A-1964179	1	40703477	0.0502407657893256	0.6578
SNP_A-4268173	1	40703590	-0.00605923421067436	0.613
SNP_A-2004000	1	40783041	0.244624708459457	0
SNP_A-4211688	1	40783727	-0.092085143003052	0.5625
SNP_A-2007662	1	40832086	0.155847733482963	0.5338
SNP_A-2003872	1	40847796	-0.00441953614089298	0.0288
SNP_A-4270814	1	40871065	-0.357981215613797	1
SNP_A-4269102	1	40904762	0.0229527461951597	0.4846
SNP_A-2061298	1	40926830	0.11289060754136	0.0376
SNP_A-4217762	1	40949053	0.28607890892963	0.6041
SNP_A-2034289	1	41002801	0.0621750685213175	1
SNP_A-1982185	1	41018446	0.0745698401446792	0.501
SNP_A-1999915	1	41064118	-0.114000194990188	0.5153
SNP_A-2075101	1	41159458	-0.071873774888717	1
SNP_A-2042674	1	41159475	0.226026225111283	0.9848
SNP_A-2004660	1	41280018	-0.0834777579819942	1
SNP_A-2003220	1	41310412	-0.111602630154721	0.508
SNP_A-2020836	1	41311374	0.180569408664879	0
SNP_A-4221275	1	41392481	-0.130707594163626	0.5545
SNP_A-1993552	1	41474773	0.155139269837863	0.5167
SNP_A-4268708	1	41556460	-0.40583308205276	0.1339
SNP_A-1968837	1	41675625	0.035948815230081	0.4589
SNP_A-2011928	1	41686154	0.308174108306052	0.6096
SNP_A-2007137	1	41781108	0.307494044321884	1
SNP_A-2015032	1	41781591	-0.000789487870642966	0.0073
SNP_A-2175324	1	41827401	-0.0973522526664891	0
SNP_A-4265596	1	41832409	0.0679358434829788	0
SNP_A-4269199	1	41849194	0.131793261644326	0.9905
SNP_A-2006064	1	41849502	0.361593261644326	0
SNP_A-2053571	1	41852454	0.0302932616443258	0
SNP_A-2000230	1	41862312	0.0669069639407878	1
SNP_A-2002141	1	41959792	0.0858920614884312	0
SNP_A-4269613	1	42003272	-0.0279189240003105	1
SNP_A-2011159	1	42033664	-0.448175580335379	1
SNP_A-2014930	1	42034725	0.365724419664621	0
SNP_A-4269714	1	42073888	-0.177428952849611	0.5205
SNP_A-1980759	1	42094639	-0.23503157225075	0.4121
SNP_A-4261860	1	42097709	0.24826842774925	0.4552
SNP_A-4215159	1	42139575	-0.0810065052648605	1
SNP_A-2011980	1	42195344	-0.0641619997216852	0.0385
SNP_A-4249172	1	42225904	0.101194674039755	0.6171
SNP_A-2060358	1	42238315	0.19118337547999	0.0042
SNP_A-2000252	1	42289754	-0.0117260098008925	1
SNP_A-2020906	1	42570352	0.172744314128811	0.573
SNP_A-2005982	1	42570898	0.0915443141288112	0.5711
SNP_A-2007104	1	42596355	0.00851193510134196	0.6094
SNP_A-2009118	1	42658772	0.307825119087978	0.9739
SNP_A-4277574	1	42673669	0.0735266148885247	0
SNP_A-2113078	1	42673760	-0.136473385111475	1
SNP_A-2005505	1	42680689	0.237865356318864	1
SNP_A-4270798	1	42680806	0.117865356318864	0.5273
SNP_A-2001405	1	42781906	-0.210012436187931	1
SNP_A-4269046	1	43035260	0.108916965088993	1
SNP_A-4212730	1	43035413	0.00361696508899347	0.9317
SNP_A-2013672	1	43082135	0.178993599142453	1
SNP_A-1993447	1	43199178	-0.343324684537322	0.4929
SNP_A-2064829	1	43211933	-0.0792595264304182	0.5117
SNP_A-2004296	1	43388924	-0.269783219449446	0.4669
SNP_A-4215028	1	43389233	-0.175648328853059	0
SNP_A-2005757	1	43389340	-0.00264832885305867	0.4655
SNP_A-4270020	1	43414803	-0.154987313799852	0.4953
SNP_A-2050649	1	43942903	0.100801985930418	0.0108
SNP_A-2070821	1	44022072	-0.159768184888681	0.575
SNP_A-2001361	1	44162979	-0.0177771979696099	0.5649
SNP_A-4269163	1	44309988	-0.115271990444251	0.9903
SNP_A-4214680	1	44396015	0.0422976724906629	0.0365
SNP_A-1981779	1	44552909	-0.0931282920057375	1
SNP_A-4261980	1	44553923	0.409971707994263	0
SNP_A-2006906	1	44772201	-0.0736542146486625	0.554
SNP_A-2005809	1	44791502	0.0547133471949378	0.5234
SNP_A-2025492	1	44791524	0.0875133471949378	0.9937
SNP_A-4214932	1	44791755	-0.236886652805062	0.4972
SNP_A-2008462	1	44922807	0.207447747333511	0
SNP_A-4270822	1	45131114	0.227551566890544	1
SNP_A-1963782	1	45408389	0.0472106339630418	1
SNP_A-4269521	1	45438167	0.0188058543416592	0
SNP_A-4268921	1	45469655	-0.103275938533868	0.9566
SNP_A-2029184	1	45653849	-0.00337760472047385	0.5387
SNP_A-4215575	1	45656230	0.0624223952795261	0.5053
SNP_A-4261825	1	45726620	-0.270269962181499	0.9977
SNP_A-1997709	1	45751262	0.08537950036985	0.5122
SNP_A-2314487	1	45751510	0.06247950036985	0
SNP_A-2036086	1	46235468	0.206280602968247	1
SNP_A-4217500	1	46235599	-0.150019397031753	0.53
SNP_A-4268528	1	46360474	0.280934347682433	0.0108
SNP_A-1991519	1	46390568	0.0344336728370953	0.9902
SNP_A-1968003	1	46391221	0.0298336728370953	0.0125
SNP_A-4214690	1	46607362	-0.228071204190869	0
SNP_A-2062005	1	46634494	-0.166426921312867	0.466
SNP_A-4273082	1	46869234	0.142677945289457	0
SNP_A-4264936	1	46881838	-0.153378798026553	0.9311
SNP_A-2076722	1	46881915	-0.0679787980265531	1
SNP_A-4268352	1	46920315	-0.0641043937479075	0.4749
SNP_A-2042648	1	46939662	0.0531299785386543	0.6169
SNP_A-2031926	1	46992410	0.553529870706433	1
SNP_A-4267642	1	47044772	-0.0715888268758534	0.5378
SNP_A-2041763	1	47053446	-0.0743910845026784	0.6099
SNP_A-2003231	1	47053471	-0.381491084502678	0.509
SNP_A-1968662	1	47054414	0.125208915497322	0.0522
SNP_A-2013787	1	47413628	-0.0697341289471341	0.005
SNP_A-4279551	1	47727098	-0.0206472573806643	0
SNP_A-4216039	1	47792475	0.0229468602486395	1
SNP_A-2079264	1	47808911	-0.0898579576503941	0
SNP_A-2011670	1	47819516	0.327909155437951	0
SNP_A-4261839	1	47883338	0.105391661436466	1
SNP_A-2075011	1	47887004	0.314146098422361	0
SNP_A-1977652	1	47890775	0.0627956096770004	1
SNP_A-2006860	1	47993041	-0.0346519291698262	1
SNP_A-2004332	1	48050352	0.0919247710132955	1
SNP_A-4265735	1	48113592	-0.175831944450703	1
SNP_A-4270165	1	48114480	0.313168055549297	1
SNP_A-4214318	1	48160014	0.111535763502769	1
SNP_A-2070146	1	48169456	0.221137043638873	0
SNP_A-4230374	1	48184316	-0.102372407771671	0.0124
SNP_A-4218701	1	48217499	-0.0911976729956307	1
SNP_A-4269697	1	48217795	-0.253197672995631	0
SNP_A-4218011	1	48218078	0.219702327004369	1
SNP_A-2006219	1	48246554	0.0214692244282724	0.0125
SNP_A-2005975	1	48257634	0.0821359270390126	0.9692
SNP_A-4273081	1	48275867	0.158857779758635	0.5136
SNP_A-1968707	1	48381625	0.101814815294389	0.522
SNP_A-2001481	1	48400723	-0.0229869344482498	0.9953
SNP_A-1980137	1	48420654	-0.017248554792224	0.9741
SNP_A-2282048	1	48683563	0.201773458038735	0.4704
SNP_A-2010229	1	48684017	0.389473458038735	1
SNP_A-2036740	1	48747520	-0.0511583748268978	0.995
SNP_A-2014903	1	48748033	0.106741625173102	0.4633
SNP_A-4262601	1	48775843	-0.044011131624723	1
SNP_A-4261838	1	48792380	-0.145246745769738	0
SNP_A-2046019	1	48816464	-0.0198175635821635	0
SNP_A-2021994	1	48941850	0.26401243956062	0
SNP_A-4270816	1	48995115	-0.00264864504715674	0
SNP_A-4222620	1	49127298	-0.0671513131515865	0
SNP_A-2011647	1	49152399	-0.0385393605977636	0.9915
SNP_A-1990576	1	49158053	0.314489578073358	0.0139
SNP_A-1982515	1	49173402	0.36091769578927	1
SNP_A-4272339	1	49179984	-0.0597773784794756	0
SNP_A-2004107	1	49202024	0.0479567885682836	0
SNP_A-2048993	1	49236388	0.0989260514512327	0
SNP_A-4216035	1	49364421	0.347881483354219	0.0021
SNP_A-2006311	1	49364564	0.176881483354219	0
SNP_A-4268099	1	49570391	-0.0510947923498338	0.0162
SNP_A-2094569	1	49571908	-0.0480947923498338	0.9751
SNP_A-2094866	1	49731548	-0.119002720107821	0
SNP_A-2005154	1	50063199	0.30839030519781	1
SNP_A-2032852	1	50354759	0.0661593558412242	0
SNP_A-2010352	1	50587318	-0.205685775843998	1
SNP_A-2006590	1	50708210	-0.257960159271364	0.9817
SNP_A-1969580	1	50826910	-0.0492486067695059	0.9915
SNP_A-1984920	1	51072185	0.14134299929088	1
SNP_A-2010585	1	52241134	-0.504163624054816	0.0089
SNP_A-4262207	1	52291616	0.284076348808338	0
SNP_A-2004169	1	52669983	0.216309465234983	1
SNP_A-2000348	1	52823608	0.100790172787568	0.5317
SNP_A-2006341	1	53116468	-0.0867434308228989	0.4886
SNP_A-2022676	1	53117495	0.0782216785807138	0.4556
SNP_A-1977516	1	53117564	0.172321678580714	0.4991
SNP_A-2001643	1	53134516	-0.229393401258434	0.0313
SNP_A-2034515	1	53231950	0.460090631817547	0
SNP_A-1991729	1	53232278	-0.0294093681824526	1
SNP_A-2003715	1	53305197	-0.039065033176253	0.0309
SNP_A-2011447	1	53305508	-0.196065033176253	1
SNP_A-4268839	1	53341987	-0.139712071139626	0.973
SNP_A-4216313	1	53342020	-0.0143120711396255	1
SNP_A-2013735	1	53342080	0.113887928860374	1
SNP_A-2010356	1	53363011	-0.168518071768182	0
SNP_A-1968618	1	53366401	0.0436819282318176	0
SNP_A-2013740	1	53393933	-0.0549003133989654	0.0263
SNP_A-2003219	1	53504903	-0.046052482332395	0.4786
SNP_A-2135352	1	53543790	0.0718514659081389	1
SNP_A-1991496	1	53811124	0.32229581834071	1
SNP_A-2209018	1	53843419	0.134003137383022	1
SNP_A-4279059	1	53844016	0.338403137383022	1
SNP_A-4268662	1	53844198	-0.258540168004258	1
SNP_A-2004022	1	53962256	-0.305466887326206	0
SNP_A-2001642	1	54061803	-0.108406634099277	1
SNP_A-4252316	1	54278344	-0.126052148410092	0.0297
SNP_A-4229050	1	54338778	-0.157849069828058	0.5714
SNP_A-4221741	1	54409755	0.553127171174168	1
SNP_A-2039047	1	54514355	-0.0960180891945538	0.0041
SNP_A-2063236	1	54523213	0.0781214244877045	0.4542
SNP_A-1991848	1	54529989	0.166567759753729	0.5572
SNP_A-2069810	1	54536829	-0.0937332073113524	1
SNP_A-1962430	1	54566271	0.187133603131609	1
SNP_A-2051039	1	54600142	-0.058901120503627	0
SNP_A-4263762	1	54912206	-0.0752710095286225	0
SNP_A-1981197	1	54912329	-0.0896710095286225	0.9987
SNP_A-4268961	1	54940982	0.203764221990799	1
SNP_A-2002028	1	54959250	-0.109706536692696	0
SNP_A-2209080	1	54959274	-0.217206536692696	0.0129
SNP_A-2020930	1	55033797	-0.0155534702487554	1
SNP_A-2038004	1	55033978	0.269246529751245	0.0124
SNP_A-1983366	1	55081197	0.412807983134067	0
SNP_A-1995655	1	55167236	0.0179314951904799	0
SNP_A-1865709	1	55345455	-0.0990521586848155	0.008
SNP_A-2001596	1	55369175	0.0300661945495288	1
SNP_A-4221777	1	55369304	-0.324133805450471	0.9818
SNP_A-4221209	1	55402555	-0.0947104290782909	0.0021
SNP_A-1999548	1	55471611	0.136422739627468	1
SNP_A-2000332	1	55491630	-0.204554430162188	0.5588
SNP_A-2042654	1	55553409	0.0969804778605708	0.5206
SNP_A-4214300	1	55553521	-0.0736195221394292	0.5181
SNP_A-2008796	1	55563449	0.459588628283732	1
SNP_A-2007268	1	55565310	-0.240226510684346	0.9869
SNP_A-1975105	1	55565404	-0.355526510684346	1
SNP_A-4278075	1	55565513	-0.126426510684346	0.1555
SNP_A-4268018	1	55565960	-0.0733265106843463	0.9926
SNP_A-4263929	1	55575999	0.00518174757103534	0.7869
SNP_A-4268502	1	55602572	9.60091921502204e-06	0.9627
SNP_A-4183091	1	55604266	0.227909600919215	0
SNP_A-2012085	1	55604506	0.025009600919215	1
SNP_A-1976613	1	55605939	-0.0438640311075123	1
SNP_A-1991717	1	55607103	-0.111164031107512	0.0802
SNP_A-2013317	1	55612961	-0.22624941044926	0.5274
SNP_A-2001840	1	55614323	-0.16214941044926	0
SNP_A-4264681	1	55665059	-0.0643919644359013	1
SNP_A-1999336	1	55681618	-0.0556573382072468	0.0382
SNP_A-2003050	1	55711475	-0.103591828751669	1
SNP_A-2013575	1	55712193	-0.395591828751669	0.0233
SNP_A-2000074	1	55712582	0.137708171248331	0.0041
SNP_A-4268003	1	55712928	0.266308171248331	1
SNP_A-4268781	1	55756897	0.0826695655022233	0
SNP_A-4274321	1	55757101	0.102169565502223	0
SNP_A-2004008	1	55762234	-0.118159734943212	0.0424
SNP_A-2009366	1	55763020	-0.0884597349432119	0.9823
SNP_A-1993958	1	55765343	-0.11177938916494	1
SNP_A-2038800	1	55765398	0.36042061083506	1
SNP_A-2014304	1	55818993	0.673691484351508	0.5432
SNP_A-2014008	1	55820126	-0.257508515648492	0.5056
SNP_A-2022770	1	55850401	0.0643441228914729	0.5504
SNP_A-4216040	1	55864763	0.0498272446063954	0
SNP_A-4211511	1	55938330	0.0192675305405722	0.5174
SNP_A-2058207	1	55939096	0.239267530540572	0.495
SNP_A-2010253	1	55973612	-0.00975915050372396	1
SNP_A-2298739	1	56042031	-0.061031707633149	0.6946
SNP_A-2054048	1	56093267	-0.0157718961607446	1
SNP_A-1995832	1	56093461	0.152528103839255	0.0663
SNP_A-2009646	1	56093557	-0.00087189616074454	0
SNP_A-4268770	1	56093662	-0.0422718961607445	0.4256
SNP_A-4251730	1	56098881	-0.0381915990857633	0.4964
SNP_A-2020908	1	56098928	0.0216084009142367	0.9835
SNP_A-1976404	1	56101184	0.230008400914237	0.4575
SNP_A-2026113	1	56108530	-0.104998987682645	0.0022
SNP_A-2006591	1	56201619	0.101531192846929	0
SNP_A-2092265	1	56202717	0.00913119284692922	1
SNP_A-2076493	1	56211917	-0.106349309466854	0.4437
SNP_A-4217761	1	56212497	0.00435069053314574	0.4944
SNP_A-2057893	1	56218792	0.0288186245766998	0.4806
SNP_A-2002623	1	56263366	0.0257167287241885	0.4885
SNP_A-2006329	1	56291522	0.102524781740768	0.5616
SNP_A-2025542	1	56338505	0.00741133338639893	0.5546
SNP_A-2020876	1	56338678	0.00491133338639893	0
SNP_A-1782432	1	56529079	-0.157033634762579	0.5402
SNP_A-4214045	1	56530556	-0.245233634762579	0.0211
SNP_A-2007578	1	56530834	0.0430663652374208	0.5675
SNP_A-2083490	1	56555167	0.472394639488845	0
SNP_A-1962449	1	56557944	0.189004901428958	0.0125
SNP_A-2015669	1	56558419	-0.197895098571042	0.0165
SNP_A-2013771	1	56558543	-0.0761950985710416	0.0039
SNP_A-2080340	1	56591739	0.399797053651181	1
SNP_A-2002117	1	56593239	0.272097053651181	0
SNP_A-2068707	1	56593642	-0.0791394788556243	0.5448
SNP_A-2011985	1	56634672	-0.232338706603706	1
SNP_A-4269064	1	56634742	0.106161293396294	1
SNP_A-1891824	1	56702953	0.436621751862025	1
SNP_A-4213952	1	56703206	-0.105878248137975	0
SNP_A-2095400	1	56768692	0.054742286167892	0
SNP_A-2006468	1	56789500	0.356965018971654	0
SNP_A-2017400	1	56814923	-0.116439750224089	0.4177
SNP_A-1994601	1	56876553	0.258549685190414	0.4572
SNP_A-4214120	1	56949976	-0.222958465232747	1
SNP_A-2001009	1	56959948	0.00768776220105613	0.5226
SNP_A-4267983	1	56995187	-0.124361641221363	0.0326
SNP_A-2008162	1	56995221	-0.118561641221363	0.0379
SNP_A-2008128	1	57013822	0.0533127039283527	1
SNP_A-4269876	1	57014121	0.0648127039283527	0.0068
SNP_A-2005820	1	57042681	-0.195771746625965	0.4695
SNP_A-2074694	1	57048241	0.0442227119263736	0
SNP_A-2013522	1	57121995	0.362913632715783	0.0747
SNP_A-2002359	1	57122202	0.266013632715783	1
SNP_A-2036299	1	57177327	-0.112630347516835	0.0197
SNP_A-1981115	1	57203393	0.0699117160119923	0
SNP_A-2009868	1	57239473	0.124192726209962	1
SNP_A-2002663	1	57244209	0.235074665195361	0
SNP_A-2032313	1	57310240	0.103885073245347	0
SNP_A-4220093	1	57319685	-0.0981219048739304	0.0449
SNP_A-4221854	1	57324157	0.461976863693256	1
SNP_A-2022735	1	57324827	-0.187523136306744	0.6406
SNP_A-2091080	1	57325011	0.189176863693256	0.4725
SNP_A-1965531	1	57353417	-0.0987814728298815	0.5482
SNP_A-4269131	1	57367878	0.125593898513845	0
SNP_A-2011849	1	57368171	0.0157938985138451	0
SNP_A-2013671	1	57388102	-0.22403360348566	0
SNP_A-2008509	1	57444251	0.127827303735326	0.4663
SNP_A-2006810	1	57444441	0.100027303735326	0.538
SNP_A-2014502	1	57444667	0.143427303735326	0.464
SNP_A-2036006	1	57444685	-0.0725726962646744	0
SNP_A-2080637	1	57450518	0.0424163773755144	1
SNP_A-1994683	1	57462924	0.0509450621045426	1
SNP_A-2001478	1	57463256	-0.226554937895457	0.0204
SNP_A-2087732	1	57487117	-0.0217501582740747	0.5354
SNP_A-1967490	1	57495341	0.176511413366609	0.5014
SNP_A-2009740	1	57513751	0.533908999204272	0.4706
SNP_A-1976158	1	57513917	0.124308999204272	0.5455
SNP_A-4275821	1	57572373	0.029592531396799	0.5461
SNP_A-2074372	1	57573933	-0.231707468603201	0.5705
SNP_A-2001334	1	57574538	-0.013407468603201	0.9954
SNP_A-2064060	1	57582892	-0.32328217552723	0
SNP_A-4214029	1	57619663	-0.236673096316639	0
SNP_A-4266413	1	57623908	-0.0818423104962975	0.993
SNP_A-1980858	1	57628464	-0.0965710439286164	0.0363
SNP_A-1975375	1	57629898	-0.192671043928616	1
SNP_A-1824707	1	57629978	-0.0232710439286165	0
SNP_A-4268100	1	57631045	0.240028956071384	0.0346
SNP_A-1982432	1	57694093	0.169813611864503	0
SNP_A-1994934	1	57706543	-0.11582902910308	0
SNP_A-4271151	1	57706622	0.11427097089692	0.0062
SNP_A-2026444	1	57706794	0.25967097089692	1
SNP_A-2011069	1	57711340	-0.16252369289422	0.959
SNP_A-2061574	1	57711894	0.37597630710578	1
SNP_A-2060624	1	57734142	-0.112274592117185	0.0133
SNP_A-1995667	1	57815437	0.720039158882567	1
SNP_A-2013738	1	57816004	-0.173560841117433	0
SNP_A-2013560	1	57816756	0.0522391588825672	0
SNP_A-2038710	1	57822727	0.00829908861283239	1
SNP_A-1837971	1	57847873	0.201657219897168	0
SNP_A-4214434	1	57851731	-0.0533702821023376	0
SNP_A-2055773	1	57852172	0.308629717897662	0
SNP_A-2011959	1	57872783	0.0155342331513124	0.5839
SNP_A-1964784	1	57987622	-0.205371249167419	0.0405
SNP_A-1964871	1	57999180	-0.0554618081825138	1
SNP_A-2034530	1	57999255	0.293438191817486	1
SNP_A-2013520	1	57999374	-0.0783618081825138	0
SNP_A-2001896	1	57999783	-0.380661808182514	0.4656
SNP_A-1874484	1	58002223	0.257046196130775	0
SNP_A-4272336	1	58007347	-0.143817476601222	0.4962
SNP_A-2004673	1	58009534	0.0573825233987781	1
SNP_A-1976424	1	58134711	0.289998483322065	1
SNP_A-2004001	1	58189936	0.18685662503204	1
SNP_A-4219013	1	58195348	0.138306703299796	1
SNP_A-2020968	1	58230192	0.0598335895828943	0
SNP_A-4268427	1	58254929	-0.179859286187956	1
SNP_A-2059334	1	58276996	-0.0425921243963208	0.9982
SNP_A-1984828	1	58278891	-0.262657233799933	1
SNP_A-2005175	1	58329186	0.296645747375519	1
SNP_A-2042790	1	58355567	0.0757237381203849	0.5328
SNP_A-4220088	1	58374454	-0.0124097645076769	0.5338
SNP_A-1980084	1	58455232	-0.0988480467571217	1
SNP_A-2011667	1	58482483	-0.042350401790528	0.0255
SNP_A-1990965	1	58503225	0.131587567387893	0.0041
SNP_A-2004873	1	58503366	0.315187567387893	0
SNP_A-2053138	1	58543162	0.235430629258721	1
SNP_A-4268367	1	58556351	0.2070197516022	0
SNP_A-2064680	1	58556559	0.0761197516022	0.0182
SNP_A-4268949	1	58579209	-0.312342943639076	0.507
SNP_A-1967671	1	58579553	0.0525570563609241	0
SNP_A-4265706	1	58579805	-0.296742943639076	0.0195
SNP_A-2009743	1	58658342	-0.15764683275068	0.9544
SNP_A-2058142	1	58658587	-0.00304683275067956	0
SNP_A-1876955	1	58658783	0.0753531672493204	0
SNP_A-2021162	1	58680733	0.385533415621011	1
SNP_A-1964848	1	58681407	0.185833415621011	0.5136
SNP_A-4268527	1	58681838	0.372533415621011	0.9925
SNP_A-2020867	1	58823582	-0.0298037708798522	0.4975
SNP_A-4215072	1	58823970	-0.125303770879852	0.4923
SNP_A-1981553	1	58847690	-0.052860162847188	0
SNP_A-2061602	1	58884645	0.284344714180776	0.0076
SNP_A-4269085	1	58899264	-0.0162718614589177	0.4413
SNP_A-2010535	1	58900825	-0.0289718614589177	0.9994
SNP_A-2034863	1	58901638	0.169428138541082	0.501
SNP_A-2074682	1	58909861	-0.0274952586823776	0.5582
SNP_A-2064596	1	58930341	0.391792221750684	1
SNP_A-2001548	1	58970144	-0.116165342520536	1
SNP_A-4268837	1	58970312	-0.0484653425205356	0.973
SNP_A-2078718	1	58977690	0.0359215221961187	0.0129
SNP_A-4269060	1	59002621	0.0518675930944101	0.5705
SNP_A-4274950	1	59043130	-0.249371969291139	1
SNP_A-2015412	1	59058894	0.309619410679166	1
SNP_A-2026445	1	59059279	0.375319410679166	0
SNP_A-2026289	1	59326595	0.0980168886846079	1
SNP_A-2048292	1	59351170	0.320410261914005	1
SNP_A-2073755	1	59369518	0.208968187959538	0.5195
SNP_A-2007710	1	59371573	-0.104131812040462	1
SNP_A-1974000	1	59438130	0.134903391626948	0
SNP_A-4208237	1	59519568	0.273362597808586	0
SNP_A-2131660	1	59545972	0.165487421278022	0
SNP_A-4232404	1	59595749	0.140613768400015	0
SNP_A-2001480	1	59595832	-0.00838623159998493	0.0274
SNP_A-4275968	1	59632844	-0.109572431896942	0.4901
SNP_A-4271791	1	59633132	-0.163272431896942	0.4482
SNP_A-1986940	1	59663878	0.0337647546039217	0.5352
SNP_A-4215346	1	59831294	0.0439249557026513	0
SNP_A-4277977	1	59970826	-0.0366512678732035	0
SNP_A-4212733	1	59972179	-0.0370512678732035	0.9529
SNP_A-1990692	1	59990631	0.264643855098832	0.5552
SNP_A-2042497	1	60057975	-0.0312089504022833	0
SNP_A-4216041	1	60115648	0.556304282287644	1
SNP_A-4268620	1	60161262	-0.123188231708893	0.9503
SNP_A-2023022	1	60189524	0.344668970788012	0
SNP_A-2000792	1	60189578	0.256268970788012	0
SNP_A-2091073	1	60212773	-0.0250276966878607	0.5292
SNP_A-1978782	1	60233321	-0.0755986606101583	0.4472
SNP_A-2007650	1	60279332	0.0245144155442573	0.9991
SNP_A-1815814	1	60308952	0.178104866727132	0
SNP_A-4261858	1	60309356	0.0379048667271316	0
SNP_A-2223012	1	60362363	-0.298666615504991	0
SNP_A-4268846	1	60364149	0.296333384495009	1
SNP_A-2005859	1	60364909	0.0746333844950086	0.4999
SNP_A-2001684	1	60365891	0.131833384495009	0.979
SNP_A-1962823	1	60474312	-0.042094176633427	0.0157
SNP_A-4262012	1	60511889	0.118707103502677	0
SNP_A-2004160	1	60518913	-0.301587560288463	0.5192
SNP_A-4276109	1	60558834	0.269558931513072	0.5027
SNP_A-4268333	1	60593192	0.18953076509387	1
SNP_A-4267849	1	60648688	0.328248328649924	1
SNP_A-4269020	1	60648734	0.329948328649924	0
SNP_A-2008156	1	60688287	0.0930701917951863	1
SNP_A-4265764	1	60809603	-0.393110700144922	0.0259
SNP_A-2044989	1	60849705	-0.0349576511273535	0.0387
SNP_A-1962705	1	60902165	-0.164366417266921	0
SNP_A-1981724	1	60918758	-0.29226087581926	0.5359
SNP_A-2026309	1	60941983	-0.434931321431732	0.5557
SNP_A-4268681	1	60980525	0.238030914628649	1
SNP_A-1993283	1	60991099	-0.159304845626238	0.0053
SNP_A-1981535	1	61093597	-0.136685132275579	1
SNP_A-1964773	1	61094646	-0.0857179704839439	0.5405
SNP_A-2009794	1	61095629	0.031282029516056	0.557
SNP_A-4266244	1	61155194	2.1858117404391	1
SNP_A-1980898	1	61164926	-0.0220774306076741	1
SNP_A-2077356	1	61214540	-0.103828114166197	0
SNP_A-1977236	1	61258156	0.196063119694235	0.5749
SNP_A-2082192	1	61343413	0.216784582787533	0
SNP_A-1991727	1	61343980	0.0914845827875329	0
SNP_A-1999773	1	61379622	0.0674119873804567	0
SNP_A-2020962	1	61386586	0.194266942676177	1
SNP_A-4269309	1	61386997	-0.0495330573238234	0.0206
SNP_A-4262635	1	61504240	0.213819288996397	0
SNP_A-2084671	1	61510858	0.275746790995902	0
SNP_A-2049342	1	61525543	-0.259781121481207	0.9755
SNP_A-4262013	1	61549330	0.0591026646534125	0.5801
SNP_A-1993672	1	61578584	0.10435468747697	1
SNP_A-2063631	1	61592660	0.257150787939727	0
SNP_A-2006328	1	61596977	0.0276984033418555	1
SNP_A-4216225	1	61619084	0.0597651059525957	1
SNP_A-2009117	1	61619670	0.149565105952596	1
SNP_A-2020886	1	61636250	0.132695891772937	0
SNP_A-2009621	1	61636707	0.248995891772937	0.4577
SNP_A-4226297	1	61636819	0.0108958917729374	0.5075
SNP_A-2002002	1	61646265	0.275788092698451	1
SNP_A-4274102	1	61649966	-0.00381252301795595	1
SNP_A-2010988	1	61650033	0.202087476982044	0.4742
SNP_A-2094873	1	61690632	-0.0817372108031595	0.5136
SNP_A-2002677	1	61793531	0.0456521063534824	0.9829
SNP_A-2039943	1	61799901	0.00528335135471912	0.9973
SNP_A-1997906	1	61822724	0.243628601297802	0.0119
SNP_A-2081660	1	61832248	0.13979330022381	0.4993
SNP_A-1964175	1	61858596	0.233742460129775	0.0052
SNP_A-2077916	1	61904357	0.177767412282712	1
SNP_A-1964931	1	61904395	0.0875674122827115	1
SNP_A-1962943	1	61904634	0.0725674122827115	0
SNP_A-4215094	1	61914685	0.115074136459896	0
SNP_A-4173289	1	61919026	-0.0830700872891751	0.9441
SNP_A-4217114	1	61937724	0.0899871743366605	0.9931
SNP_A-2010454	1	62047119	-0.0435736216271967	0.0431
SNP_A-4224354	1	62074290	0.163499248573252	1
SNP_A-2114462	1	62097039	-0.0372137788778731	1
SNP_A-2021740	1	62102962	0.138389915420568	1
SNP_A-1979016	1	62113745	0.252211055017203	0.0089
SNP_A-2033624	1	62137805	0.195431227548756	0.9685
SNP_A-2028012	1	62148128	-0.200668567212442	0.1851
SNP_A-1962888	1	62161583	-0.00520129758858523	0
SNP_A-1999912	1	62199359	0.179893620144648	0
SNP_A-4268985	1	62200476	-0.315797711122365	0.022
SNP_A-2020971	1	62282742	0.108157164193145	0.9965
SNP_A-2020905	1	62283045	-0.132942835806855	0
SNP_A-2041402	1	62388272	-0.227550460919458	0.5458
SNP_A-4210260	1	62390211	-0.114042661844972	0.5367
SNP_A-2011264	1	62501449	-0.183588791872194	0.4325
SNP_A-2010331	1	62515553	-0.0456930531837508	0.5326
SNP_A-4268066	1	62519234	-0.384578891706394	0.4196
SNP_A-2092685	1	62522088	0.0917211082936064	0.509
SNP_A-1993284	1	62522460	-0.175978891706394	0.477
SNP_A-4217512	1	62523098	-0.108120555183256	0.972
SNP_A-2055189	1	62538049	-0.104156628509166	0.5214
SNP_A-4215192	1	62538589	0.233843371490834	0.0189
SNP_A-4278685	1	62670730	-0.184070800412163	1
SNP_A-2001229	1	62769426	-0.0404951055717736	0.515
SNP_A-4268351	1	62769534	0.183204894428226	0.0081
SNP_A-2006691	1	62842299	0.145932493834313	0
SNP_A-4268614	1	63049685	0.232335822933532	1
SNP_A-1967729	1	63213117	0.102472772918674	1
SNP_A-4273693	1	63213385	0.144972772918674	0.0112
SNP_A-4221422	1	63236345	0.340191908830577	1
SNP_A-2007938	1	63261250	0.0488752844875923	0.0065
SNP_A-4217410	1	63294944	-0.277044007959822	0.5487
SNP_A-2005842	1	63320261	0.0326901695135773	1
SNP_A-2002016	1	63321007	0.0898901695135773	1
SNP_A-2005721	1	63321870	0.291925881065174	0
SNP_A-2055200	1	63339503	0.158244870867204	0.5495
SNP_A-2005029	1	63354702	0.327603471758074	0.4831
SNP_A-4268887	1	63370583	0.07877787603672	0
SNP_A-4269979	1	63500234	-0.0174908476851242	1
SNP_A-1964869	1	63516479	-0.135096437836076	1
SNP_A-2010360	1	63516591	-0.397496437836076	0.9394
SNP_A-1977655	1	63590981	0.310304090899389	1
SNP_A-1988634	1	63617041	0.154961255118643	0.9675
SNP_A-1995107	1	63617098	0.0751612551186432	0.0619
SNP_A-4270098	1	63641438	0.00736069853116664	0
SNP_A-2010139	1	63641574	0.106860698531167	0.997
SNP_A-2007635	1	63641761	-0.345739301468833	1
SNP_A-2246233	1	63673489	0.339562907454701	1
